6176
8229
6536
9034
8599
4721
3737
9510
4915
9090
1413
4244
9377
6961
1680
2132
3756
1392
4281
5687
2244
5879
8502
4656
4785
5219
3200
563
5842
1075
3473
4301
4217
3123
8189
2494
2782
1171
9026
7887
3383
3824
5159
7501
582
1468
9155
9468
6993
2628
3786
2515
847
7579
1637
6425
9282
648
806
8368
8411
5795
3767
8073
1968
8887
3786
8382
8510
7376
522
4615
8177
6775
873
7405
3009
2402
8848
7651
5807
3991
6328
2258
3892
7420
5703
4949
604
8240
1096
1678
7888
3946
9344
3814
586
6183
2138
3516
1797
7126
3007
3816
2779
5294
9255
4749
5164
4353
1192
2528
262
1974
2260
3272
6672
3023
9355
3711
425
3385
7440
3916
2581
4214
9837
5524
1026
962
2426
9245
7920
4365
1560
9247
9255
2349
6075
6284
7484
6901
9029
7400
8351
8485
5171
7716
6669
292
2236
8939
588
4848
9874
8799
2285
6307
7572
6319
9595
8870
2686
1314
4039
8950
5443
3927
5409
1789
6323
2308
1436
2507
3302
4420
8925
7281
8035
6671
8397
7362
493
4756
3651
4755
7204
199
1189
2167
4063
9263
9651
1204
1690
2252
7690
733
6613
2630
3417
3005
3851
2868
9724
7778
1384
7238
1403
9871
8624
9917
902
494
3239
4900
2065
2113
651
2403
5567
5933
8311
3082
5282
3344
1744
6150
948
7184
6902
9578
2471
5749
6578
4668
8347
7907
8771
6417
5138
3485
1341
3268
1825
2862
4118
7051
2510
2585
2912
2728
1569
9403
8512
1245
8952
4308
1859
3814
9111
9907
5766
6381
2624
2425
5831
7782
9272
1897
2146
1091
5407
4633
3598
6708
7144
3363
985
5256
4981
8067
9513
5062
1186
9199
3320
730
4672
4246
4549
6036
5351
8287
189
9693
2087
2010
9290
5252
1869
5496
6611
6425
2821
5953
5451
2731
927
5245
8701
4595
4592
13
5148
6869
1068
6337
7548
1818
1326
2607
6840
5925
4915
1301
5454
6137
1888
787
7776
4027
9335
4452
4229
2070
3426
3454
5399
9662
5897
8034
3174
9059
4490
5119
4428
1688
7214
2903
2905
902
5022
5078
7545
3490
3755
9763
6419
3343
6513
7895
2445
5844
856
1610
4585
5114
7171
3427
4971
6723
2268
4109
5328
1070
3821
4438
1356
4868
7977
6797
4925
3798
588
2238
7892
4446
5592
9260
5101
1309
9483
6537
2300
4048
6237
7714
1056
9629
5722
2883
9068
3266
1023
509
3330
7351
422
1544
616
8482
1983
9639
9769
2834
4290
9918
7260
3360
5327
8485
3832
7293
7199
8555
1952
4611
6022
1166
7440
1239
5687
3415
5169
5738
4785
4548
8400
3482
2099
7026
3549
9358
5465
6294
1752
6632
6967
4315
6054
9463
1466
869
8132
830
171
2419
5409
5576
6967
835
420
5802
9136
5199
9231
2775
2700
7459
8252
7738
547
905
5340
7084
4459
3648
882
3258
6551
2770
9918
3953
5737
532
9772
8304
5442
5130
6244
7480
3007
4257
5018
7640
5389
5384
8589
2890
6216
4930
2583
2959
9583
1091
8919
6143
4938
3997
491
7767
5617
7599
939
1836
7038
7316
9302
3933
9436
9829
544
1942
328
4329
8777
9291
7189
6053
6408
9748
5468
2949
2514
336
2365
4723
371
8571
8440
755
1466
4235
7551
8398
798
5274
7558
4007
5814
6691
4908
2206
9492
8103
9228
2601
2382
8363
6601
2223
8807
7717
1748
8324
715
8640
4400
3578
2954
5579
9992
36
8912
2229
1086
378
9044
9097
5218
833
7417
4586
6422
1517
2674
5746
4143
650
3095
8943
5521
9591
8347
4816
4853
7410
6232
6916
440
365
8505
2109
7732
4399
1109
1077
8479
2885
9046
3751
8407
9443
1694
2733
1865
8017
4449
6277
4205
8535
420
3546
4680
9618
4576
7100
8819
8989
6430
1858
6474
7480
7672
5970
9394
8850
710
8313
3707
3627
5449
7050
5030
4601
7223
3906
4439
372
2609
7560
772
570
2768
104
3886
9166
6980
146
4962
4562
3085
7671
8807
1078
3051
3919
5946
8160
4631
4501
5791
7058
9977
7945
4359
4525
267
555
7181
7174
2109
4161
7150
3711
1351
2536
4572
7429
7813
9714
1761
593
4794
122
9772
9902
130
9674
9227
795
4325
342
2712
3050
5769
8853
5302
4888
1381
8442
5896
8932
9012
1518
4228
836
1009
5096
2398
8844
2546
220
2581
9394
4151
4666
5649
7622
9613
9777
7863
9383
189
6702
8976
4675
6748
9138
1810
8972
315
4572
2498
5152
7013
5584
7614
5954
280
8822
1155
2620
8321
5507
1139
44
7365
4266
2414
1522
9121
1818
2815
3238
5284
3638
7682
9856
3756
9514
8906
1578
142
4685
3225
8056
5400
6531
2354
4884
9624
9319
7359
7029
1961
5661
831
4750
8133
9053
7583
7585
6991
7512
4326
620
1684
9391
9518
2458
3775
372
8312
2857
4755
6825
9324
5427
3746
5628
5270
3873
7681
8758
5043
2965
6135
7172
2681
7385
3746
7122
8723
5317
4050
9724
9192
4199
3514
9749
8269
9501
1720
2083
5457
7506
3429
9055
4161
2863
7167
8100
9060
7512
4301
2117
2129
7612
9282
4622
5133
900
5174
9235
888
9033
6316
6148
918
8678
7282
6832
7102
6862
7790
9857
3023
6256
6569
776
4449
7719
9519
4756
3241
4464
163
2444
2517
3867
4608
2657
4163
4307
6479
9494
3110
2066
8599
490
1089
2122
4210
4530
8975
570
6570
6530
4025
4586
1041
9229
995
849
2190
257
7472
2771
1306
974
2395
1418
9072
3134
7182
8652
7481
1299
5415
1403
3758
3422
6785
4103
583
1260
5728
4531
1236
791
3649
6063
3853
4004
1178
6831
3688
4915
8310
4057
8997
4692
1064
6985
5794
4117
4491
9627
6467
9587
5789
3544
9640
835
2383
1522
3032
7853
2883
6382
9241
2200
7929
7131
5917
3413
1539
3784
3284
3332
2810
4409
8246
6161
4558
5776
7489
2513
5566
8525
4327
9182
5606
456
1379
8001
3131
8418
4914
6646
2441
1914
7917
8047
6317
9903
5550
9871
8492
2432
1626
9462
3457
9611
7309
1300
9933
307
5117
3745
4016
6085
8724
8106
4972
4536
1427
5274
109
1421
2693
3005
2350
2103
8174
8491
6052
9021
3238
216
9161
5684
5472
3479
193
9197
172
9133
8801
1254
1516
4509
5657
7591
207
7674
4419
6950
9027
2159
8236
6774
1008
5935
617
8724
9242
8921
9565
3467
9613
8592
4839
8669
5972
6452
6792
63
4427
9909
627
201
839
4009
1012
3498
8427
4867
6148
4454
4170
7227
2947
4874
5792
763
4681
710
6123
1543
4493
2632
8765
429
9775
2460
6406
5405
7241
3692
4103
8072
1148
2211
7158
5145
709
8790
9867
4267
6097
9614
8518
8579
508
3646
1825
7082
8015
381
9081
9477
9148
852
4007
3735
4564
16
9076
7459
1053
8636
6219
2266
9783
3964
9022
8302
4624
485
1476
4160
9648
9799
1571
5167
2881
8403
6268
6166
2535
2299
2477
6199
6471
3187
2389
1408
8668
5710
8217
8555
2986
7160
8708
9426
1488
7060
8790
9738
6669
8936
4464
949
8185
7903
2410
3304
2846
2999
8628
4968
251
2433
9982
1954
8183
9461
2934
8891
7451
3528
5196
4931
463
7124
6669
3732
1614
6071
7423
1106
4565
4813
4508
8017
3097
8187
9188
8412
647
9310
1898
8697
45
5340
5857
7144
4579
9124
8961
1763
1642
4971
1325
6875
5205
2245
6465
9420
421
1639
1082
4965
6752
4629
3638
4551
2482
324
4701
3892
6502
1105
2207
8806
3742
2545
3748
9705
7926
1889
2653
5644
6560
2281
3639
5945
9229
6614
1041
5344
8534
2008
396
3459
209
2820
5857
507
4495
7178
3634
7264
6721
1831
7156
3169
676
7924
8571
660
4595
6738
715
8481
9785
3822
8880
3865
4721
5575
8264
429
1403
2886
2764
3888
7158
1206
1009
3653
274
5992
7338
8485
5037
3162
5247
6607
4739
5964
8920
2770
7873
4981
5461
2277
6532
6935
3111
5461
9552
1860
706
5277
6518
8805
9579
6203
2149
5280
4052
6686
6696
6147
6329
2976
3538
673
6919
6994
6643
670
142
9836
5183
4841
1591
3748
2387
2661
7925
1085
3340
1867
7763
5562
52
660
3882
2497
6984
5560
7209
8052
9940
1878
5315
9266
5041
3811
1962
2550
9716
4287
7810
505
4345
1948
3896
8368
1287
2174
3235
7359
1949
6458
5889
6956
245
4781
5058
954
934
194
6401
4377
7451
6660
7888
7469
6611
9424
2272
8739
8903
8506
7523
7186
3609
4294
7856
6615
8476
5412
4026
3465
788
1695
6547
8728
4346
5208
6965
1376
3690
5551
5356
8170
8429
9284
9878
8589
8926
9231
3655
6095
8290
1972
630
7449
7418
2899
8039
4907
2251
3530
9729
7749
2608
7419
1610
2974
3671
6244
3165
7614
3490
1438
7623
9879
6774
9401
8364
155
4579
45
600
3008
1231
1455
9333
721
1134
5052
3724
1227
5587
8870
6013
6613
3692
4105
6048
2081
3614
2153
1807
6446
9154
1376
9853
7167
4648
4160
1944
5031
2747
4034
3733
6648
6336
3679
2785
3000
7343
6405
1555
1719
6575
7545
9708
1770
8254
7525
6741
4823
8466
6123
1594
2597
4163
850
7118
5571
9110
7016
3455
7480
972
8043
972
4603
7607
32
368
2515
123
576
7182
2297
8500
8791
1714
5944
5066
9536
9508
1036
3207
5147
5662
8935
7908
1087
9978
1584
34
8351
7266
5166
4072
8907
559
3764
8963
6855
281
8629
2056
4580
5308
2956
5483
4890
5921
4807
1038
8483
622
3815
1069
3159
2535
359
5739
8731
3862
2149
991
5216
5606
8832
7454
1556
6693
9277
2957
2938
3722
2710
6459
3295
2824
4669
3057
7943
7584
6345
491
6107
6001
9487
874
7802
376
7624
7571
6347
6115
914
3020
4157
4165
5830
7054
8828
2929
4153
9280
2571
9070
8904
9470
299
2973
9318
1957
1597
7891
4039
5813
4066
5185
743
1113
972
4018
5770
1613
8653
7243
6360
4927
2705
5848
2691
1205
5174
5935
7465
3363
2492
833
6077
8429
3948
9866
3468
1246
8493
6357
4846
9549
7375
1562
7147
7367
3966
663
9025
7097
2396
9347
5535
1788
7637
1321
4657
1602
184
5121
7963
3441
2025
685
5440
6664
1808
2027
1812
6202
1577
4389
8712
5128
8955
2386
9391
6545
2894
7464
5703
635
3049
5062
3858
5366
1673
9329
5283
1083
4802
2372
2264
8808
3794
4119
3098
2986
6805
1717
9476
3604
8385
7743
7109
9536
8131
5156
3388
6673
6903
7724
2355
610
69
7468
5152
745
7403
7711
3446
3893
5366
9018
3671
9568
5537
3678
6217
9653
3964
9569
8234
7876
8191
3591
7978
9173
3777
793
7353
2678
9579
6440
9832
2291
3433
1420
7531
242
6129
2647
5812
8272
9785
1580
2524
6261
2991
2141
1029
2145
1594
536
872
9406
9199
7962
670
2500
9554
8559
6148
5653
5451
8527
9666
6865
3817
2506
1204
23
6263
6700
2729
9841
7071
2837
6030
5821
1362
5538
3804
1404
9079
1122
4663
8828
1867
6788
1609
3484
5202
7169
8369
2391
3592
7423
413
5851
5731
5171
904
3832
8494
1941
6793
1405
5847
2269
1853
2419
6628
9422
6190
7623
2325
9723
2216
81
1090
9979
1458
8410
3242
673
9355
8227
3294
9310
5641
5102
5040
5733
2988
3513
6955
1836
3199
4811
6814
9154
1207
3569
8909
9077
4953
8565
2918
4283
7544
1683
634
3450
226
8973
7940
5221
4959
6817
7147
8955
5916
794
6028
1061
9620
6067
9290
7592
8327
5658
9897
9326
1143
404
3072
6633
9189
294
843
8277
7315
9983
3006
8279
5894
9207
8384
1132
7520
2890
7211
5843
7174
9200
4363
1114
5951
5247
7317
4027
6477
7996
9457
756
878
8177
6017
4939
5661
3086
2396
1231
6982
9229
9241
2924
7994
6326
4703
5548
3193
3363
1639
7930
980
7821
2891
2873
4615
884
211
8131
7881
2644
5128
6182
6729
246
9937
7665
3093
6040
4201
6486
3332
9631
1051
48
6736
1452
3419
4522
7860
