3374
9451
618
2418
8889
6914
2588
9653
8596
743
597
8661
3534
8445
5108
8665
3501
6799
1480
7683
8199
1275
7290
2719
6916
3410
408
5268
4318
9648
1544
2172
251
1314
1743
6639
4432
6534
4398
2667
1627
4999
3353
9204
5316
7466
5769
2450
9918
662
4116
2913
3297
3386
7040
6273
4385
4594
8678
6027
6830
4191
3932
1719
45
4416
2188
2558
3299
2902
7140
8405
5340
7648
2201
9599
9283
5790
191
1319
9781
2727
9219
1340
9761
7042
7990
5335
6021
2472
7461
7527
5968
8575
2734
7555
9196
3572
659
3015
9927
2756
744
4559
3800
9718
6298
6564
3437
7807
971
5898
3205
9164
4183
8144
7697
1874
8239
3729
766
9809
1635
6133
8762
7790
958
6195
279
5211
4438
1563
1526
6414
4872
1105
9740
3202
8740
7063
5347
3092
6363
2073
6401
6959
4185
4610
1644
169
8986
2575
9827
3071
8069
8628
9995
1943
1740
2488
383
1055
7218
2660
4128
9819
6966
2560
7994
2160
6444
9693
4007
2303
1435
3167
4172
2104
489
2643
7331
576
6063
7966
5786
3238
1486
3832
7684
894
2591
4808
88
5225
8977
8601
7737
8644
3611
7951
6883
2082
8249
4518
6266
9719
8011
1130
1772
1428
9260
7416
406
7051
7189
948
2213
1266
5488
2802
5197
3850
3279
6705
5538
2721
3690
7938
7787
601
6382
5422
715
6791
3810
9128
4879
8213
6458
7663
2043
9657
5913
5202
3359
9169
510
8744
1287
7271
6733
5488
7735
1591
5425
9510
1719
4704
9278
2528
6350
7951
6958
3371
673
5283
5719
8657
7739
4184
4529
8949
6674
3458
4311
2023
3904
5849
5038
2031
7593
1527
2805
8929
4167
3009
3035
2560
2430
3958
6319
4337
5328
8244
883
4273
3482
5448
5043
8284
4272
9318
1096
404
1727
3412
1446
904
4401
3812
8187
9294
1063
8888
9242
8760
2406
4733
6161
552
5816
4224
2899
3082
6416
8980
4631
9978
8578
6042
2960
6070
7915
8749
5062
6117
6884
3971
8793
3657
6236
3259
967
766
9415
6563
6685
9047
425
4526
652
5987
7320
2158
7659
4155
1312
9455
4506
817
8940
2676
780
5018
1490
9103
9284
9929
8945
1296
9337
554
6324
5831
9038
7679
6756
3944
2830
3533
6425
8423
5609
2797
9732
5976
3709
7873
2699
8402
2579
7777
1114
6503
8700
1585
8153
5
534
7720
6531
5091
2638
6772
964
9335
3742
6312
4868
6605
3441
9966
9012
2113
4492
3104
7347
8197
1927
46
9771
7324
4855
5085
6943
2010
8575
7618
5353
9517
5496
3371
2415
953
8267
4745
4904
1876
5025
9355
9884
8526
1655
2939
8430
4718
3844
5617
8396
9788
8198
1498
7896
1416
2347
5830
7365
5725
1609
9876
5837
9059
5834
2493
3887
1358
894
7953
9075
7646
4680
2258
1437
8646
7577
8511
3985
3575
1594
3557
5699
8087
7999
1128
9777
2217
475
9078
8322
1147
4870
5002
7539
2265
4550
6891
9005
374
7413
7484
2379
2831
1113
4511
7930
3512
191
7192
1227
7235
1182
3977
4071
4380
9204
4135
3002
4007
9608
3273
1305
9948
7929
3032
204
4994
5463
5811
6907
9394
7315
6113
2752
3608
4246
8209
847
7372
2105
3397
5742
9387
4357
5305
352
6966
3783
4547
7106
1615
1977
7877
8748
7518
4718
9768
3825
7625
8830
2596
4135
9375
6020
2108
4776
1434
4495
3195
4896
4530
82
9433
2146
7276
2359
7171
3376
7848
7010
7917
4314
7868
9945
9968
530
8874
5248
2187
203
4175
9018
936
6736
2124
9578
6937
8134
6025
2404
3488
9209
9607
440
6478
3911
6260
1407
6490
9436
2977
9147
8522
7098
9929
7492
447
574
569
686
9840
2325
9596
1067
1931
6888
5751
9856
9418
575
3296
2252
3536
2653
5251
9431
1280
4351
9041
2555
3991
999
5162
9851
1538
2251
8213
4410
597
4989
3321
4196
6561
6895
4628
461
463
8411
5657
5755
4900
422
539
3674
7773
7971
9114
9181
3653
2289
4914
1511
1256
9135
9910
487
2297
6694
2380
8814
3134
7517
7990
9670
8884
2793
4621
474
1070
8177
1938
329
3561
837
4097
7512
9783
292
3871
5517
8744
6154
4539
8930
6555
9151
3708
1814
2833
3018
2313
6803
2121
2514
3952
4603
7858
9350
2002
9096
5365
7680
6309
6035
2271
4341
723
7449
6956
9741
6275
1894
6420
5425
8940
7472
2415
1296
7235
1208
3824
8066
7138
9065
3304
8763
1562
6599
9427
7533
2324
6148
6637
3043
9454
4353
330
3937
7853
8544
659
4221
679
5674
1615
7969
6678
7233
9908
1369
7880
4658
170
4088
738
8715
7659
6494
287
8347
8066
928
5704
5763
611
8028
7207
4934
700
2229
8722
7343
3181
2305
7476
8202
9559
7384
8271
3522
5836
3142
8915
3376
8067
4602
500
2430
3771
2509
5471
757
9178
4996
248
642
301
6098
6340
1933
5118
6834
4093
817
2881
8368
7404
4875
4076
8505
9276
5112
8738
9185
4789
5482
6345
6269
9804
710
2024
8382
613
9761
7029
4279
8886
9977
7335
1802
9600
1855
2123
9178
5802
7957
4973
867
37
8957
9672
2310
5707
217
2959
1551
7236
7989
3624
5929
4534
7679
391
1550
120
2637
3050
646
8481
7251
3845
6377
6345
4028
8759
9373
4230
3604
8554
3018
5915
2515
4897
8624
8049
5025
2314
26
8355
2459
571
8263
9616
8666
2424
8983
5120
6435
4435
2646
2056
3432
8444
147
9471
8683
9583
5949
2152
506
821
5998
4440
5408
3566
4549
8662
7403
6107
4190
4341
6187
1668
9684
1780
5399
3044
2230
3083
1564
8591
2975
9445
7704
8802
5393
1746
7378
1180
6433
8013
6581
5956
8655
422
9562
2551
7445
2755
9589
2508
9058
638
6594
9639
4157
517
6034
381
563
946
2791
3038
427
2898
3249
1878
8250
6082
7450
7301
3299
8088
632
1532
118
5922
5058
8813
5270
6544
5620
7034
6317
2963
3749
4288
8703
6800
2308
1848
9080
5142
7769
6149
8056
6823
1332
7274
8020
3206
7100
1654
4760
8719
4535
7111
7067
3685
1866
8836
2050
2271
9911
1180
5471
6587
3635
1486
115
6092
5995
9440
2430
6621
7794
7547
1749
1303
3078
1288
3260
4243
7206
7843
3385
5304
5136
4926
2009
7275
5469
6577
7249
6656
8520
2892
3481
9677
9052
4775
2543
2860
4935
1919
3795
1728
159
9379
2422
8121
8136
702
674
7079
9653
5381
5987
9503
4934
8161
8217
3851
5101
8324
9264
9425
5047
3722
4462
7413
1880
2752
9603
5092
5030
2037
4877
5798
4222
7968
225
6449
162
3668
7141
5308
8033
2513
8601
242
7573
4207
4502
380
6797
5580
2877
5713
4670
5398
4521
3930
2547
2562
8651
2987
235
5295
365
5542
7335
5375
1339
8538
3605
269
6227
5996
3748
5641
1825
5374
8625
4859
5741
8483
7616
9146
4691
7
171
5804
1711
5180
751
8335
8083
498
947
2483
9081
451
7699
5068
2918
3791
8637
544
8412
2832
9736
9317
7201
5899
6337
5632
5464
7842
1951
3803
5218
288
6395
1535
3704
2246
7999
247
181
1652
3805
4142
6816
8716
8703
6551
8600
1496
8400
7697
4835
1397
4587
6517
9336
3551
8220
3861
1633
3114
5531
2173
2264
5987
8714
4209
7943
85
429
5297
3318
3023
7807
5116
5261
654
1679
2039
5893
758
3693
255
8431
6295
5683
6220
7040
6626
5038
7461
1954
6168
3386
7677
7586
8753
9917
4670
5923
1873
7093
2806
6969
1147
8415
2598
512
6195
9634
5359
2202
5018
3930
3290
8276
9079
1410
487
3655
6403
3886
7530
7406
6248
6969
5201
1748
8141
5188
8023
5879
2310
1616
2245
8556
3847
6947
737
3895
1620
2579
7187
6773
7891
6062
7096
9061
1115
786
1279
2262
4836
8386
557
8157
3323
2577
2946
1925
7175
2750
1474
9594
1312
7260
9135
4800
6430
7311
2798
9122
5186
4724
8851
6470
6598
6103
5058
6534
7066
2042
9629
9237
8310
5167
5749
2633
8122
7565
5532
2022
8861
6184
4146
3183
2556
1410
9988
5625
4462
3342
5606
8291
2404
6882
611
1652
6475
7761
4128
2298
1320
160
3819
336
7606
4635
4299
435
3163
3659
214
6536
2453
9370
4031
5559
3572
2489
1783
2961
8127
4117
6966
6538
8912
2524
2229
6697
3185
7678
600
4777
3323
4929
8491
6970
3828
3186
6079
3353
7691
7739
306
2101
1051
9129
927
9032
4669
4753
5893
9960
2183
9524
2414
4621
6327
1443
336
2088
6958
2902
7519
824
4192
6206
1309
9106
9110
7732
7859
5260
8920
2858
2228
7273
6069
4937
7834
7598
5528
8665
174
4635
7445
7080
1999
129
8069
135
1324
9860
9243
6897
456
5042
6554
8774
2629
8536
6571
4192
4950
4288
8297
7954
9304
5109
9201
5635
7601
309
1499
7475
863
5704
6913
3359
5247
2482
4203
3934
2255
8859
8104
5646
8429
1659
7576
8866
6034
169
2681
1400
3597
5591
7024
9520
3445
6464
1182
9728
6502
8614
6137
7175
758
7419
7218
2188
8390
6638
8394
6436
5930
97
4803
7252
5666
7757
153
8305
5700
8450
6609
7830
3584
9910
3859
1374
9664
2848
7679
3381
7420
1861
4325
5805
403
9227
1571
1940
1421
7150
8023
2392
8329
6362
2628
3117
6781
8580
4318
5806
8006
8037
6797
2324
7920
8831
1538
3490
9471
8089
5387
6191
3124
5280
8903
5232
8148
2908
5782
8992
7158
3874
1051
3071
5029
5296
2907
7300
602
810
7018
1287
3856
2799
9235
1780
8021
2308
5286
5912
9844
6569
5335
7917
4728
2397
8578
601
4208
8668
5304
5738
9172
6736
1049
5604
7738
9505
8883
3768
8905
8485
5896
7053
884
9346
4761
9707
8935
6739
8528
1840
9153
9867
7249
5758
4379
1995
4145
9438
2200
8684
6122
5376
1312
2207
1948
6558
4264
8759
5625
2325
426
3252
4049
2803
9839
3677
890
9406
843
6667
9873
8677
6869
3972
5238
5163
5547
6999
5202
2842
4682
1411
9090
1570
651
8113
4833
4940
6960
254
1500
3370
1406
1902
4191
9798
329
5236
6291
8203
2105
2791
6135
4768
1649
7952
4657
247
4582
2332
2058
2150
626
2952
4320
174
4281
7731
2300
3834
8994
757
2760
5353
5507
3839
6509
8550
895
5773
5681
4854
5021
267
4821
9793
5657
7473
286
8463
7992
6238
9398
8791
676
463
3231
7052
1588
1349
1343
3262
2003
6852
2358
3460
1816
728
4421
4602
5557
4549
4113
7910
9400
9029
8295
7990
2820
1917
4372
1565
8562
6557
9307
9850
1869
6261
2202
197
3588
8216
508
9628
4168
774
6669
281
5965
5930
7704
7257
7057
1049
9187
6219
4083
9826
7675
5125
6549
2814
6161
3036
9576
7165
1486
8484
799
9077
1805
245
5194
9652
4038
194
9801
1560
8770
9067
6937
8146
760
5971
5964
6968
2976
4720
1843
518
7656
515
5463
4475
9522
9358
721
6280
1522
513
5711
1893
8499
7938
5438
4201
6484
3004
4796
1871
5242
2826
2547
2100
3860
4302
4083
5224
1255
2533
4423
1827
6577
3719
5474
1887
4387
9549
3233
7762
4306
7714
3130
1332
5689
3135
8527
6066
7286
3624
4061
4176
1022
4642
1879
5056
8512
8190
899
9693
2561
5050
8864
2657
1220
1635
9204
3047
4620
6026
376
1504
3508
9151
3009
3398
8934
1753
5477
3590
8759
4075
765
9927
7837
4830
5023
4739
6392
2971
4860
8858
4014
9863
155
3756
7894
9037
7526
5472
7157
1999
2396
8649
3715
5863
3967
8837
1624
809
3528
4535
4128
6187
7351
8607
9304
706
5503
3544
1908
4131
4091
206
7836
5710
3579
3810
257
2822
2537
7470
6722
8828
8862
6192
5786
8937
2271
2833
6538
53
5275
5726
4396
2019
8726
5295
9333
930
4414
7294
3194
3129
9431
2377
68
6087
1226
6730
3591
3101
5438
284
7510
6560
7967
5027
8232
3197
142
88
3243
6979
235
1399
919
1522
6123
2984
9889
28
4168
